[1000ms]
f_sp = 3.32749562172
tau_rise = 0.625358400572
alpha = 106.403122533
K = 560.373802745
tau_fall = 1.79648871469
mu = 0.062361548414