[1000ms]
alpha = 139.303808819
K = 930.029514515
t_delay = 6.52246764397e-16
tau_rise = 0.5
tau_plateau = 2.56792399314
tau_fall = 0.348196406117
mu = 0.146841616021
f_sp = 3.49900600593