[1000ms]
alpha = 139.303808819
K = 930.029514515
t_delay = 1.30387005282e-10
tau_rise = 26.8856012076
tau_plateau = 2.56778390238
tau_fall = 0.348111619597
mu = 0.146824668061
f_sp = 3.49900600593